{
    "accuracy": 0.648,
    "precision": 0.6610169491525424,
    "recall": 0.6190476190476191,
    "auc": 0.7478238607270865
}